{
  "nbformat": 4,
  "nbformat_minor": 0,
  "metadata": {
    "colab": {
      "provenance": [],
      "mount_file_id": "1G9DPhhQgSn9OPvUDXLu66iMsHz8Lbl4Z",
      "authorship_tag": "ABX9TyMHPSvvL3ufmnOY/ctBjB7G",
      "include_colab_link": true
    },
    "kernelspec": {
      "name": "python3",
      "display_name": "Python 3"
    },
    "language_info": {
      "name": "python"
    }
  },
  "cells": [
    {
      "cell_type": "markdown",
      "metadata": {
        "id": "view-in-github",
        "colab_type": "text"
      },
      "source": [
        "<a href=\"https://colab.research.google.com/github/BarbosaXBarbosa/BIG_S3/blob/main/AvBS3_joao.ipynb\" target=\"_parent\"><img src=\"https://colab.research.google.com/assets/colab-badge.svg\" alt=\"Open In Colab\"/></a>"
      ]
    },
    {
      "cell_type": "code",
      "execution_count": 2,
      "metadata": {
        "colab": {
          "base_uri": "https://localhost:8080/"
        },
        "id": "fV5Vt4URR5WA",
        "outputId": "3036f049-08c3-40f0-fae0-83caa39c9f48"
      },
      "outputs": [
        {
          "output_type": "stream",
          "name": "stdout",
          "text": [
            "Collecting pyspark\n",
            "  Downloading pyspark-3.5.0.tar.gz (316.9 MB)\n",
            "\u001b[2K     \u001b[90m━━━━━━━━━━━━━━━━━━━━━━━━━━━━━━━━━━━━━━━━\u001b[0m \u001b[32m316.9/316.9 MB\u001b[0m \u001b[31m3.7 MB/s\u001b[0m eta \u001b[36m0:00:00\u001b[0m\n",
            "\u001b[?25h  Preparing metadata (setup.py) ... \u001b[?25l\u001b[?25hdone\n",
            "Requirement already satisfied: py4j==0.10.9.7 in /usr/local/lib/python3.10/dist-packages (from pyspark) (0.10.9.7)\n",
            "Building wheels for collected packages: pyspark\n",
            "  Building wheel for pyspark (setup.py) ... \u001b[?25l\u001b[?25hdone\n",
            "  Created wheel for pyspark: filename=pyspark-3.5.0-py2.py3-none-any.whl size=317425345 sha256=27bdce7ef6de86cba3c464333345c4bc25241f90563bc9c4210a10bc1e98b6cd\n",
            "  Stored in directory: /root/.cache/pip/wheels/41/4e/10/c2cf2467f71c678cfc8a6b9ac9241e5e44a01940da8fbb17fc\n",
            "Successfully built pyspark\n",
            "Installing collected packages: pyspark\n",
            "Successfully installed pyspark-3.5.0\n"
          ]
        }
      ],
      "source": [
        "# Importando bibliotecas usadas\n",
        "!pip install pyspark\n",
        "from pyspark.sql import SparkSession\n",
        "from pyspark.sql import functions as f\n",
        "\n",
        "spark = SparkSession.builder.appName(\"ProjetoBS3\").getOrCreate()"
      ]
    },
    {
      "cell_type": "code",
      "source": [
        "url = '/content/drive/MyDrive/Colab Notebooks/Big_S3/Projeto/datasets/dailyclimate.csv'\n",
        "\n",
        "dados = spark.read.options(header=True).csv(\n",
        "    url,\n",
        "    sep=\",\",\n",
        "    inferSchema=True\n",
        ")"
      ],
      "metadata": {
        "id": "iLzDAq2zVt0-"
      },
      "execution_count": 3,
      "outputs": []
    },
    {
      "cell_type": "code",
      "source": [
        "dados.count()"
      ],
      "metadata": {
        "colab": {
          "base_uri": "https://localhost:8080/"
        },
        "id": "vRzyggAvXL59",
        "outputId": "b38fa55b-f0db-4062-9336-d3f267c79310"
      },
      "execution_count": 4,
      "outputs": [
        {
          "output_type": "execute_result",
          "data": {
            "text/plain": [
              "883128"
            ]
          },
          "metadata": {},
          "execution_count": 4
        }
      ]
    },
    {
      "cell_type": "code",
      "source": [
        "dados.show()"
      ],
      "metadata": {
        "colab": {
          "base_uri": "https://localhost:8080/"
        },
        "id": "C4TMYnhJXyQ8",
        "outputId": "5085617e-fd52-4922-c452-26ce82e3ec68"
      },
      "execution_count": 5,
      "outputs": [
        {
          "output_type": "stream",
          "name": "stdout",
          "text": [
            "+---+----------+------------+--------+---------+------+--------+-----------+-----+-------+--------------+----------+----------+------------+-------------+-------------+----------------+----------------+------------------+-------------+----------------+----------------+------------------+\n",
            "|_c0|      Date|    District|Latitude|Longitude|Precip|Pressure|Humidity_2m|RH_2m|Temp_2m|WetBulbTemp_2m|MaxTemp_2m|MinTemp_2m|TempRange_2m|EarthSkinTemp|WindSpeed_10m|MaxWindSpeed_10m|MinWindSpeed_10m|WindSpeedRange_10m|WindSpeed_50m|MaxWindSpeed_50m|MinWindSpeed_50m|WindSpeedRange_50m|\n",
            "+---+----------+------------+--------+---------+------+--------+-----------+-----+-------+--------------+----------+----------+------------+-------------+-------------+----------------+----------------+------------------+-------------+----------------+----------------+------------------+\n",
            "|  0|1981-01-01|Arghakhanchi|    27.9|     83.2|   0.0|   93.51|       4.81|45.41|  13.89|          2.15|     20.82|      9.94|       10.89|        11.32|         1.89|            3.83|            0.69|              3.14|         2.41|            4.12|            0.73|              3.39|\n",
            "|  1|1981-01-02|Arghakhanchi|    27.9|     83.2|   0.0|   93.59|       4.94|46.78|  13.84|          2.54|      20.7|      9.54|       11.17|        11.44|         1.72|             2.6|            1.09|               1.5|         2.25|             3.3|            0.96|              2.34|\n",
            "|  2|1981-01-03|Arghakhanchi|    27.9|     83.2|  0.03|   93.55|       5.22|47.91|  14.33|          3.32|     20.71|     10.78|        9.93|        12.24|          1.8|             2.8|            0.48|              2.32|         2.32|            3.54|            0.39|              3.15|\n",
            "|  3|1981-01-04|Arghakhanchi|    27.9|     83.2|  0.02|   93.49|       5.36|50.83|  13.82|          3.73|     20.43|     10.02|       10.41|        12.17|         2.18|            3.54|            1.06|              2.49|          2.9|            4.05|            0.93|              3.12|\n",
            "|  4|1981-01-05|Arghakhanchi|    27.9|     83.2|  1.84|   93.49|       5.84|55.55|  13.76|          4.93|     19.62|      9.08|       10.53|        12.32|         1.96|             2.7|            0.69|              2.02|         2.74|            4.64|            0.96|              3.68|\n",
            "|  5|1981-01-06|Arghakhanchi|    27.9|     83.2|  2.41|   93.39|       6.02|59.18|  13.24|          5.23|     19.02|      9.49|        9.53|        11.81|         1.91|            3.62|            0.74|              2.89|         2.56|            3.98|            0.76|              3.22|\n",
            "|  6|1981-01-07|Arghakhanchi|    27.9|     83.2|   2.2|   93.44|       6.12|65.22|  12.02|          5.58|     16.29|      8.56|        7.74|        11.24|          1.3|            1.75|            0.76|              0.99|         1.74|             2.6|            0.93|              1.66|\n",
            "|  7|1981-01-08|Arghakhanchi|    27.9|     83.2|  1.09|   93.58|       5.12| 57.6|  11.21|          3.02|     17.34|      7.65|        9.69|         9.74|         1.92|            3.37|            0.98|              2.39|         2.56|            3.55|             1.5|              2.05|\n",
            "|  8|1981-01-09|Arghakhanchi|    27.9|     83.2|  0.04|   93.89|       4.75|53.49|  11.26|          2.04|     17.29|      7.73|        9.56|          9.4|         1.63|            2.85|            0.53|              2.32|          2.0|            2.69|            0.61|              2.08|\n",
            "|  9|1981-01-10|Arghakhanchi|    27.9|     83.2|   0.0|   94.05|       4.68| 51.0|  11.77|          1.84|     18.16|      7.32|       10.84|         9.68|         1.62|            2.77|            0.91|              1.86|         2.02|            2.74|            1.27|              1.47|\n",
            "| 10|1981-01-11|Arghakhanchi|    27.9|     83.2|   0.0|   94.12|       4.55|51.86|  11.12|          1.45|     16.82|      7.26|        9.56|         8.33|         1.94|            3.49|             0.4|              3.09|         2.62|            4.32|            0.59|              3.72|\n",
            "| 11|1981-01-12|Arghakhanchi|    27.9|     83.2|  3.12|   94.24|       5.22| 61.7|  10.58|          3.13|     15.05|      7.37|        7.69|         9.01|         1.62|            2.91|            0.21|               2.7|         2.13|            3.79|            0.26|              3.53|\n",
            "| 12|1981-01-13|Arghakhanchi|    27.9|     83.2|  9.05|   94.11|       5.63|66.74|  10.51|          4.48|     16.82|      6.31|       10.51|         9.34|         2.05|            2.73|            0.84|              1.89|         3.08|            5.01|            1.19|              3.82|\n",
            "| 13|1981-01-14|Arghakhanchi|    27.9|     83.2|   0.1|   93.96|       4.67|48.92|  12.38|          1.77|     20.07|      8.26|       11.81|        10.11|         2.27|            4.15|            0.33|              3.82|         3.14|            4.63|            0.58|              4.04|\n",
            "| 14|1981-01-15|Arghakhanchi|    27.9|     83.2|   0.0|    94.1|       3.87|39.15|  12.93|         -0.71|     20.12|      9.13|       10.99|         9.95|         1.76|            3.01|            0.75|              2.25|         2.27|            3.35|            1.17|              2.18|\n",
            "| 15|1981-01-16|Arghakhanchi|    27.9|     83.2|   0.0|   94.17|       3.98|37.51|  14.03|         -0.33|     21.05|      9.75|        11.3|         10.6|          1.7|            2.92|            0.77|              2.15|         2.06|            2.71|            0.81|               1.9|\n",
            "| 16|1981-01-17|Arghakhanchi|    27.9|     83.2|  4.38|   94.11|       4.39|38.39|  15.17|          0.96|     22.56|     11.62|       10.95|        11.64|         1.84|             2.8|            1.11|              1.69|         2.36|            3.38|            1.46|              1.93|\n",
            "| 17|1981-01-18|Arghakhanchi|    27.9|     83.2|  0.24|    93.8|       4.78|44.03|  14.31|          2.07|     19.44|      11.2|        8.24|        11.91|         1.53|            2.52|            0.64|              1.88|         2.11|            3.58|            0.76|              2.82|\n",
            "| 18|1981-01-19|Arghakhanchi|    27.9|     83.2|   0.0|   93.65|       4.95|47.88|  13.55|          2.67|     19.47|      9.56|        9.91|        12.04|         1.88|             3.3|            0.76|              2.54|         2.35|            3.57|            1.01|              2.56|\n",
            "| 19|1981-01-20|Arghakhanchi|    27.9|     83.2|   0.0|   93.77|        5.1|48.79|  13.72|          3.05|      21.1|      9.11|       11.99|        11.96|         2.25|            4.52|            0.22|              4.31|         3.04|            5.03|            0.68|              4.35|\n",
            "+---+----------+------------+--------+---------+------+--------+-----------+-----+-------+--------------+----------+----------+------------+-------------+-------------+----------------+----------------+------------------+-------------+----------------+----------------+------------------+\n",
            "only showing top 20 rows\n",
            "\n"
          ]
        }
      ]
    },
    {
      "cell_type": "code",
      "source": [
        "# Traduzindo colunas do data set de uma análise de clima do Nepal\n",
        "\n",
        "dados = dados.withColumnsRenamed(\n",
        "    {\n",
        "      \"Pressure\": \"Pressao\",\n",
        "      \"Date\": \"Data\",\n",
        "      \"District\": \"Distrito\",\n",
        "      \"Humidity_2m\": \"Umidade_2m\",\n",
        "      \"RH_2m\": \"UmidadeRelativa_2m\",\n",
        "      \"TempRange_2m\": \"FaixaTemp_2m\",\n",
        "      \"WetBulbTemp_2m\": \"BulboUmidoTemp_2m\",\n",
        "      \"EarthSkinTemp\": \"SuperfTerrestreTemp\",\n",
        "      \"WindSpeed_10m\": \"VeloVento_10m\",\n",
        "      \"MaxWindSpeed_10m\": \"VeloMaxVento_10m\",\n",
        "      \"MinWindSpeed_10m\": \"VeloMiniVento_10m\",\n",
        "      \"WindSpeedRange_10m\": \"FaixaVeloVento_10m\",\n",
        "      \"WindSpeed_50m\": \"VeloVento_50m\",\n",
        "      \"MaxWindSpeed_50m\": \"VeloMaxVento_50m\",\n",
        "      \"MinWindSpeed_50m\": \"VeloMinVento_50m\",\n",
        "      \"WindSpeedRange_50m\": \"FaixaVeloVento_50m\"\n",
        "    }\n",
        ")"
      ],
      "metadata": {
        "id": "dENhRQMpYosl"
      },
      "execution_count": 6,
      "outputs": []
    },
    {
      "cell_type": "code",
      "source": [
        "dados.show()"
      ],
      "metadata": {
        "colab": {
          "base_uri": "https://localhost:8080/"
        },
        "id": "vm1DUSMHjp5O",
        "outputId": "06c91a8e-67db-4ab8-cf70-1267bed85d9e"
      },
      "execution_count": 7,
      "outputs": [
        {
          "output_type": "stream",
          "name": "stdout",
          "text": [
            "+---+----------+------------+--------+---------+------+-------+----------+------------------+-------+-----------------+----------+----------+------------+-------------------+-------------+----------------+-----------------+------------------+-------------+----------------+----------------+------------------+\n",
            "|_c0|      Data|    Distrito|Latitude|Longitude|Precip|Pressao|Umidade_2m|UmidadeRelativa_2m|Temp_2m|BulboUmidoTemp_2m|MaxTemp_2m|MinTemp_2m|FaixaTemp_2m|SuperfTerrestreTemp|VeloVento_10m|VeloMaxVento_10m|VeloMiniVento_10m|FaixaVeloVento_10m|VeloVento_50m|VeloMaxVento_50m|VeloMinVento_50m|FaixaVeloVento_50m|\n",
            "+---+----------+------------+--------+---------+------+-------+----------+------------------+-------+-----------------+----------+----------+------------+-------------------+-------------+----------------+-----------------+------------------+-------------+----------------+----------------+------------------+\n",
            "|  0|1981-01-01|Arghakhanchi|    27.9|     83.2|   0.0|  93.51|      4.81|             45.41|  13.89|             2.15|     20.82|      9.94|       10.89|              11.32|         1.89|            3.83|             0.69|              3.14|         2.41|            4.12|            0.73|              3.39|\n",
            "|  1|1981-01-02|Arghakhanchi|    27.9|     83.2|   0.0|  93.59|      4.94|             46.78|  13.84|             2.54|      20.7|      9.54|       11.17|              11.44|         1.72|             2.6|             1.09|               1.5|         2.25|             3.3|            0.96|              2.34|\n",
            "|  2|1981-01-03|Arghakhanchi|    27.9|     83.2|  0.03|  93.55|      5.22|             47.91|  14.33|             3.32|     20.71|     10.78|        9.93|              12.24|          1.8|             2.8|             0.48|              2.32|         2.32|            3.54|            0.39|              3.15|\n",
            "|  3|1981-01-04|Arghakhanchi|    27.9|     83.2|  0.02|  93.49|      5.36|             50.83|  13.82|             3.73|     20.43|     10.02|       10.41|              12.17|         2.18|            3.54|             1.06|              2.49|          2.9|            4.05|            0.93|              3.12|\n",
            "|  4|1981-01-05|Arghakhanchi|    27.9|     83.2|  1.84|  93.49|      5.84|             55.55|  13.76|             4.93|     19.62|      9.08|       10.53|              12.32|         1.96|             2.7|             0.69|              2.02|         2.74|            4.64|            0.96|              3.68|\n",
            "|  5|1981-01-06|Arghakhanchi|    27.9|     83.2|  2.41|  93.39|      6.02|             59.18|  13.24|             5.23|     19.02|      9.49|        9.53|              11.81|         1.91|            3.62|             0.74|              2.89|         2.56|            3.98|            0.76|              3.22|\n",
            "|  6|1981-01-07|Arghakhanchi|    27.9|     83.2|   2.2|  93.44|      6.12|             65.22|  12.02|             5.58|     16.29|      8.56|        7.74|              11.24|          1.3|            1.75|             0.76|              0.99|         1.74|             2.6|            0.93|              1.66|\n",
            "|  7|1981-01-08|Arghakhanchi|    27.9|     83.2|  1.09|  93.58|      5.12|              57.6|  11.21|             3.02|     17.34|      7.65|        9.69|               9.74|         1.92|            3.37|             0.98|              2.39|         2.56|            3.55|             1.5|              2.05|\n",
            "|  8|1981-01-09|Arghakhanchi|    27.9|     83.2|  0.04|  93.89|      4.75|             53.49|  11.26|             2.04|     17.29|      7.73|        9.56|                9.4|         1.63|            2.85|             0.53|              2.32|          2.0|            2.69|            0.61|              2.08|\n",
            "|  9|1981-01-10|Arghakhanchi|    27.9|     83.2|   0.0|  94.05|      4.68|              51.0|  11.77|             1.84|     18.16|      7.32|       10.84|               9.68|         1.62|            2.77|             0.91|              1.86|         2.02|            2.74|            1.27|              1.47|\n",
            "| 10|1981-01-11|Arghakhanchi|    27.9|     83.2|   0.0|  94.12|      4.55|             51.86|  11.12|             1.45|     16.82|      7.26|        9.56|               8.33|         1.94|            3.49|              0.4|              3.09|         2.62|            4.32|            0.59|              3.72|\n",
            "| 11|1981-01-12|Arghakhanchi|    27.9|     83.2|  3.12|  94.24|      5.22|              61.7|  10.58|             3.13|     15.05|      7.37|        7.69|               9.01|         1.62|            2.91|             0.21|               2.7|         2.13|            3.79|            0.26|              3.53|\n",
            "| 12|1981-01-13|Arghakhanchi|    27.9|     83.2|  9.05|  94.11|      5.63|             66.74|  10.51|             4.48|     16.82|      6.31|       10.51|               9.34|         2.05|            2.73|             0.84|              1.89|         3.08|            5.01|            1.19|              3.82|\n",
            "| 13|1981-01-14|Arghakhanchi|    27.9|     83.2|   0.1|  93.96|      4.67|             48.92|  12.38|             1.77|     20.07|      8.26|       11.81|              10.11|         2.27|            4.15|             0.33|              3.82|         3.14|            4.63|            0.58|              4.04|\n",
            "| 14|1981-01-15|Arghakhanchi|    27.9|     83.2|   0.0|   94.1|      3.87|             39.15|  12.93|            -0.71|     20.12|      9.13|       10.99|               9.95|         1.76|            3.01|             0.75|              2.25|         2.27|            3.35|            1.17|              2.18|\n",
            "| 15|1981-01-16|Arghakhanchi|    27.9|     83.2|   0.0|  94.17|      3.98|             37.51|  14.03|            -0.33|     21.05|      9.75|        11.3|               10.6|          1.7|            2.92|             0.77|              2.15|         2.06|            2.71|            0.81|               1.9|\n",
            "| 16|1981-01-17|Arghakhanchi|    27.9|     83.2|  4.38|  94.11|      4.39|             38.39|  15.17|             0.96|     22.56|     11.62|       10.95|              11.64|         1.84|             2.8|             1.11|              1.69|         2.36|            3.38|            1.46|              1.93|\n",
            "| 17|1981-01-18|Arghakhanchi|    27.9|     83.2|  0.24|   93.8|      4.78|             44.03|  14.31|             2.07|     19.44|      11.2|        8.24|              11.91|         1.53|            2.52|             0.64|              1.88|         2.11|            3.58|            0.76|              2.82|\n",
            "| 18|1981-01-19|Arghakhanchi|    27.9|     83.2|   0.0|  93.65|      4.95|             47.88|  13.55|             2.67|     19.47|      9.56|        9.91|              12.04|         1.88|             3.3|             0.76|              2.54|         2.35|            3.57|            1.01|              2.56|\n",
            "| 19|1981-01-20|Arghakhanchi|    27.9|     83.2|   0.0|  93.77|       5.1|             48.79|  13.72|             3.05|      21.1|      9.11|       11.99|              11.96|         2.25|            4.52|             0.22|              4.31|         3.04|            5.03|            0.68|              4.35|\n",
            "+---+----------+------------+--------+---------+------+-------+----------+------------------+-------+-----------------+----------+----------+------------+-------------------+-------------+----------------+-----------------+------------------+-------------+----------------+----------------+------------------+\n",
            "only showing top 20 rows\n",
            "\n"
          ]
        }
      ]
    },
    {
      "cell_type": "code",
      "source": [
        "dados.printSchema()"
      ],
      "metadata": {
        "colab": {
          "base_uri": "https://localhost:8080/"
        },
        "id": "WEtoij9YjsKl",
        "outputId": "f6db2078-ed6b-417e-8f6e-6b43c6e352e5"
      },
      "execution_count": 8,
      "outputs": [
        {
          "output_type": "stream",
          "name": "stdout",
          "text": [
            "root\n",
            " |-- _c0: integer (nullable = true)\n",
            " |-- Data: date (nullable = true)\n",
            " |-- Distrito: string (nullable = true)\n",
            " |-- Latitude: double (nullable = true)\n",
            " |-- Longitude: double (nullable = true)\n",
            " |-- Precip: double (nullable = true)\n",
            " |-- Pressao: double (nullable = true)\n",
            " |-- Umidade_2m: double (nullable = true)\n",
            " |-- UmidadeRelativa_2m: double (nullable = true)\n",
            " |-- Temp_2m: double (nullable = true)\n",
            " |-- BulboUmidoTemp_2m: double (nullable = true)\n",
            " |-- MaxTemp_2m: double (nullable = true)\n",
            " |-- MinTemp_2m: double (nullable = true)\n",
            " |-- FaixaTemp_2m: double (nullable = true)\n",
            " |-- SuperfTerrestreTemp: double (nullable = true)\n",
            " |-- VeloVento_10m: double (nullable = true)\n",
            " |-- VeloMaxVento_10m: double (nullable = true)\n",
            " |-- VeloMiniVento_10m: double (nullable = true)\n",
            " |-- FaixaVeloVento_10m: double (nullable = true)\n",
            " |-- VeloVento_50m: double (nullable = true)\n",
            " |-- VeloMaxVento_50m: double (nullable = true)\n",
            " |-- VeloMinVento_50m: double (nullable = true)\n",
            " |-- FaixaVeloVento_50m: double (nullable = true)\n",
            "\n"
          ]
        }
      ]
    },
    {
      "cell_type": "code",
      "source": [
        "# Mudando o formato da data para a tradução ficar mais proxima do Brasil\n",
        "dados = dados.withColumn(\"Data\", f.date_format(\"Data\", \"dd/MM/yyyy\"))\n",
        "dados.show()"
      ],
      "metadata": {
        "colab": {
          "base_uri": "https://localhost:8080/"
        },
        "id": "lmGL7_GqkHs_",
        "outputId": "2d7dcc05-ad02-4eec-babf-6712b4ac00d0"
      },
      "execution_count": 9,
      "outputs": [
        {
          "output_type": "stream",
          "name": "stdout",
          "text": [
            "+---+----------+------------+--------+---------+------+-------+----------+------------------+-------+-----------------+----------+----------+------------+-------------------+-------------+----------------+-----------------+------------------+-------------+----------------+----------------+------------------+\n",
            "|_c0|      Data|    Distrito|Latitude|Longitude|Precip|Pressao|Umidade_2m|UmidadeRelativa_2m|Temp_2m|BulboUmidoTemp_2m|MaxTemp_2m|MinTemp_2m|FaixaTemp_2m|SuperfTerrestreTemp|VeloVento_10m|VeloMaxVento_10m|VeloMiniVento_10m|FaixaVeloVento_10m|VeloVento_50m|VeloMaxVento_50m|VeloMinVento_50m|FaixaVeloVento_50m|\n",
            "+---+----------+------------+--------+---------+------+-------+----------+------------------+-------+-----------------+----------+----------+------------+-------------------+-------------+----------------+-----------------+------------------+-------------+----------------+----------------+------------------+\n",
            "|  0|01/01/1981|Arghakhanchi|    27.9|     83.2|   0.0|  93.51|      4.81|             45.41|  13.89|             2.15|     20.82|      9.94|       10.89|              11.32|         1.89|            3.83|             0.69|              3.14|         2.41|            4.12|            0.73|              3.39|\n",
            "|  1|02/01/1981|Arghakhanchi|    27.9|     83.2|   0.0|  93.59|      4.94|             46.78|  13.84|             2.54|      20.7|      9.54|       11.17|              11.44|         1.72|             2.6|             1.09|               1.5|         2.25|             3.3|            0.96|              2.34|\n",
            "|  2|03/01/1981|Arghakhanchi|    27.9|     83.2|  0.03|  93.55|      5.22|             47.91|  14.33|             3.32|     20.71|     10.78|        9.93|              12.24|          1.8|             2.8|             0.48|              2.32|         2.32|            3.54|            0.39|              3.15|\n",
            "|  3|04/01/1981|Arghakhanchi|    27.9|     83.2|  0.02|  93.49|      5.36|             50.83|  13.82|             3.73|     20.43|     10.02|       10.41|              12.17|         2.18|            3.54|             1.06|              2.49|          2.9|            4.05|            0.93|              3.12|\n",
            "|  4|05/01/1981|Arghakhanchi|    27.9|     83.2|  1.84|  93.49|      5.84|             55.55|  13.76|             4.93|     19.62|      9.08|       10.53|              12.32|         1.96|             2.7|             0.69|              2.02|         2.74|            4.64|            0.96|              3.68|\n",
            "|  5|06/01/1981|Arghakhanchi|    27.9|     83.2|  2.41|  93.39|      6.02|             59.18|  13.24|             5.23|     19.02|      9.49|        9.53|              11.81|         1.91|            3.62|             0.74|              2.89|         2.56|            3.98|            0.76|              3.22|\n",
            "|  6|07/01/1981|Arghakhanchi|    27.9|     83.2|   2.2|  93.44|      6.12|             65.22|  12.02|             5.58|     16.29|      8.56|        7.74|              11.24|          1.3|            1.75|             0.76|              0.99|         1.74|             2.6|            0.93|              1.66|\n",
            "|  7|08/01/1981|Arghakhanchi|    27.9|     83.2|  1.09|  93.58|      5.12|              57.6|  11.21|             3.02|     17.34|      7.65|        9.69|               9.74|         1.92|            3.37|             0.98|              2.39|         2.56|            3.55|             1.5|              2.05|\n",
            "|  8|09/01/1981|Arghakhanchi|    27.9|     83.2|  0.04|  93.89|      4.75|             53.49|  11.26|             2.04|     17.29|      7.73|        9.56|                9.4|         1.63|            2.85|             0.53|              2.32|          2.0|            2.69|            0.61|              2.08|\n",
            "|  9|10/01/1981|Arghakhanchi|    27.9|     83.2|   0.0|  94.05|      4.68|              51.0|  11.77|             1.84|     18.16|      7.32|       10.84|               9.68|         1.62|            2.77|             0.91|              1.86|         2.02|            2.74|            1.27|              1.47|\n",
            "| 10|11/01/1981|Arghakhanchi|    27.9|     83.2|   0.0|  94.12|      4.55|             51.86|  11.12|             1.45|     16.82|      7.26|        9.56|               8.33|         1.94|            3.49|              0.4|              3.09|         2.62|            4.32|            0.59|              3.72|\n",
            "| 11|12/01/1981|Arghakhanchi|    27.9|     83.2|  3.12|  94.24|      5.22|              61.7|  10.58|             3.13|     15.05|      7.37|        7.69|               9.01|         1.62|            2.91|             0.21|               2.7|         2.13|            3.79|            0.26|              3.53|\n",
            "| 12|13/01/1981|Arghakhanchi|    27.9|     83.2|  9.05|  94.11|      5.63|             66.74|  10.51|             4.48|     16.82|      6.31|       10.51|               9.34|         2.05|            2.73|             0.84|              1.89|         3.08|            5.01|            1.19|              3.82|\n",
            "| 13|14/01/1981|Arghakhanchi|    27.9|     83.2|   0.1|  93.96|      4.67|             48.92|  12.38|             1.77|     20.07|      8.26|       11.81|              10.11|         2.27|            4.15|             0.33|              3.82|         3.14|            4.63|            0.58|              4.04|\n",
            "| 14|15/01/1981|Arghakhanchi|    27.9|     83.2|   0.0|   94.1|      3.87|             39.15|  12.93|            -0.71|     20.12|      9.13|       10.99|               9.95|         1.76|            3.01|             0.75|              2.25|         2.27|            3.35|            1.17|              2.18|\n",
            "| 15|16/01/1981|Arghakhanchi|    27.9|     83.2|   0.0|  94.17|      3.98|             37.51|  14.03|            -0.33|     21.05|      9.75|        11.3|               10.6|          1.7|            2.92|             0.77|              2.15|         2.06|            2.71|            0.81|               1.9|\n",
            "| 16|17/01/1981|Arghakhanchi|    27.9|     83.2|  4.38|  94.11|      4.39|             38.39|  15.17|             0.96|     22.56|     11.62|       10.95|              11.64|         1.84|             2.8|             1.11|              1.69|         2.36|            3.38|            1.46|              1.93|\n",
            "| 17|18/01/1981|Arghakhanchi|    27.9|     83.2|  0.24|   93.8|      4.78|             44.03|  14.31|             2.07|     19.44|      11.2|        8.24|              11.91|         1.53|            2.52|             0.64|              1.88|         2.11|            3.58|            0.76|              2.82|\n",
            "| 18|19/01/1981|Arghakhanchi|    27.9|     83.2|   0.0|  93.65|      4.95|             47.88|  13.55|             2.67|     19.47|      9.56|        9.91|              12.04|         1.88|             3.3|             0.76|              2.54|         2.35|            3.57|            1.01|              2.56|\n",
            "| 19|20/01/1981|Arghakhanchi|    27.9|     83.2|   0.0|  93.77|       5.1|             48.79|  13.72|             3.05|      21.1|      9.11|       11.99|              11.96|         2.25|            4.52|             0.22|              4.31|         3.04|            5.03|            0.68|              4.35|\n",
            "+---+----------+------------+--------+---------+------+-------+----------+------------------+-------+-----------------+----------+----------+------------+-------------------+-------------+----------------+-----------------+------------------+-------------+----------------+----------------+------------------+\n",
            "only showing top 20 rows\n",
            "\n"
          ]
        }
      ]
    },
    {
      "cell_type": "code",
      "source": [
        "# Convertendo campo de umidade relativa para porcentagem para poder visualizar\n",
        "\n",
        "dados = dados.withColumn(\"UmidadeRelativa%\", f.concat((f.round(dados[\"UmidadeRelativa_2m\"]).cast(\"int\")).cast(\"string\"), f.lit(\"%\")))\n",
        "\n",
        "# f.lit() adiciona um valor constante na coluna\n",
        "\n",
        "dados.show()"
      ],
      "metadata": {
        "colab": {
          "base_uri": "https://localhost:8080/"
        },
        "id": "vQLLukYImbYu",
        "outputId": "734087dd-c88b-4594-dd46-46912f969fc0"
      },
      "execution_count": 10,
      "outputs": [
        {
          "output_type": "stream",
          "name": "stdout",
          "text": [
            "+---+----------+------------+--------+---------+------+-------+----------+------------------+-------+-----------------+----------+----------+------------+-------------------+-------------+----------------+-----------------+------------------+-------------+----------------+----------------+------------------+----------------+\n",
            "|_c0|      Data|    Distrito|Latitude|Longitude|Precip|Pressao|Umidade_2m|UmidadeRelativa_2m|Temp_2m|BulboUmidoTemp_2m|MaxTemp_2m|MinTemp_2m|FaixaTemp_2m|SuperfTerrestreTemp|VeloVento_10m|VeloMaxVento_10m|VeloMiniVento_10m|FaixaVeloVento_10m|VeloVento_50m|VeloMaxVento_50m|VeloMinVento_50m|FaixaVeloVento_50m|UmidadeRelativa%|\n",
            "+---+----------+------------+--------+---------+------+-------+----------+------------------+-------+-----------------+----------+----------+------------+-------------------+-------------+----------------+-----------------+------------------+-------------+----------------+----------------+------------------+----------------+\n",
            "|  0|01/01/1981|Arghakhanchi|    27.9|     83.2|   0.0|  93.51|      4.81|             45.41|  13.89|             2.15|     20.82|      9.94|       10.89|              11.32|         1.89|            3.83|             0.69|              3.14|         2.41|            4.12|            0.73|              3.39|             45%|\n",
            "|  1|02/01/1981|Arghakhanchi|    27.9|     83.2|   0.0|  93.59|      4.94|             46.78|  13.84|             2.54|      20.7|      9.54|       11.17|              11.44|         1.72|             2.6|             1.09|               1.5|         2.25|             3.3|            0.96|              2.34|             47%|\n",
            "|  2|03/01/1981|Arghakhanchi|    27.9|     83.2|  0.03|  93.55|      5.22|             47.91|  14.33|             3.32|     20.71|     10.78|        9.93|              12.24|          1.8|             2.8|             0.48|              2.32|         2.32|            3.54|            0.39|              3.15|             48%|\n",
            "|  3|04/01/1981|Arghakhanchi|    27.9|     83.2|  0.02|  93.49|      5.36|             50.83|  13.82|             3.73|     20.43|     10.02|       10.41|              12.17|         2.18|            3.54|             1.06|              2.49|          2.9|            4.05|            0.93|              3.12|             51%|\n",
            "|  4|05/01/1981|Arghakhanchi|    27.9|     83.2|  1.84|  93.49|      5.84|             55.55|  13.76|             4.93|     19.62|      9.08|       10.53|              12.32|         1.96|             2.7|             0.69|              2.02|         2.74|            4.64|            0.96|              3.68|             56%|\n",
            "|  5|06/01/1981|Arghakhanchi|    27.9|     83.2|  2.41|  93.39|      6.02|             59.18|  13.24|             5.23|     19.02|      9.49|        9.53|              11.81|         1.91|            3.62|             0.74|              2.89|         2.56|            3.98|            0.76|              3.22|             59%|\n",
            "|  6|07/01/1981|Arghakhanchi|    27.9|     83.2|   2.2|  93.44|      6.12|             65.22|  12.02|             5.58|     16.29|      8.56|        7.74|              11.24|          1.3|            1.75|             0.76|              0.99|         1.74|             2.6|            0.93|              1.66|             65%|\n",
            "|  7|08/01/1981|Arghakhanchi|    27.9|     83.2|  1.09|  93.58|      5.12|              57.6|  11.21|             3.02|     17.34|      7.65|        9.69|               9.74|         1.92|            3.37|             0.98|              2.39|         2.56|            3.55|             1.5|              2.05|             58%|\n",
            "|  8|09/01/1981|Arghakhanchi|    27.9|     83.2|  0.04|  93.89|      4.75|             53.49|  11.26|             2.04|     17.29|      7.73|        9.56|                9.4|         1.63|            2.85|             0.53|              2.32|          2.0|            2.69|            0.61|              2.08|             53%|\n",
            "|  9|10/01/1981|Arghakhanchi|    27.9|     83.2|   0.0|  94.05|      4.68|              51.0|  11.77|             1.84|     18.16|      7.32|       10.84|               9.68|         1.62|            2.77|             0.91|              1.86|         2.02|            2.74|            1.27|              1.47|             51%|\n",
            "| 10|11/01/1981|Arghakhanchi|    27.9|     83.2|   0.0|  94.12|      4.55|             51.86|  11.12|             1.45|     16.82|      7.26|        9.56|               8.33|         1.94|            3.49|              0.4|              3.09|         2.62|            4.32|            0.59|              3.72|             52%|\n",
            "| 11|12/01/1981|Arghakhanchi|    27.9|     83.2|  3.12|  94.24|      5.22|              61.7|  10.58|             3.13|     15.05|      7.37|        7.69|               9.01|         1.62|            2.91|             0.21|               2.7|         2.13|            3.79|            0.26|              3.53|             62%|\n",
            "| 12|13/01/1981|Arghakhanchi|    27.9|     83.2|  9.05|  94.11|      5.63|             66.74|  10.51|             4.48|     16.82|      6.31|       10.51|               9.34|         2.05|            2.73|             0.84|              1.89|         3.08|            5.01|            1.19|              3.82|             67%|\n",
            "| 13|14/01/1981|Arghakhanchi|    27.9|     83.2|   0.1|  93.96|      4.67|             48.92|  12.38|             1.77|     20.07|      8.26|       11.81|              10.11|         2.27|            4.15|             0.33|              3.82|         3.14|            4.63|            0.58|              4.04|             49%|\n",
            "| 14|15/01/1981|Arghakhanchi|    27.9|     83.2|   0.0|   94.1|      3.87|             39.15|  12.93|            -0.71|     20.12|      9.13|       10.99|               9.95|         1.76|            3.01|             0.75|              2.25|         2.27|            3.35|            1.17|              2.18|             39%|\n",
            "| 15|16/01/1981|Arghakhanchi|    27.9|     83.2|   0.0|  94.17|      3.98|             37.51|  14.03|            -0.33|     21.05|      9.75|        11.3|               10.6|          1.7|            2.92|             0.77|              2.15|         2.06|            2.71|            0.81|               1.9|             38%|\n",
            "| 16|17/01/1981|Arghakhanchi|    27.9|     83.2|  4.38|  94.11|      4.39|             38.39|  15.17|             0.96|     22.56|     11.62|       10.95|              11.64|         1.84|             2.8|             1.11|              1.69|         2.36|            3.38|            1.46|              1.93|             38%|\n",
            "| 17|18/01/1981|Arghakhanchi|    27.9|     83.2|  0.24|   93.8|      4.78|             44.03|  14.31|             2.07|     19.44|      11.2|        8.24|              11.91|         1.53|            2.52|             0.64|              1.88|         2.11|            3.58|            0.76|              2.82|             44%|\n",
            "| 18|19/01/1981|Arghakhanchi|    27.9|     83.2|   0.0|  93.65|      4.95|             47.88|  13.55|             2.67|     19.47|      9.56|        9.91|              12.04|         1.88|             3.3|             0.76|              2.54|         2.35|            3.57|            1.01|              2.56|             48%|\n",
